x,y,sdr,tke
    0.9700840484E+00,    0.5000000001E-06,    0.1051279727E+01,    0.6070507731E-10
    0.9700840484E+00,    0.1000465155E-05,    0.2207427573E+00,    0.4402824880E-09
    0.9700840484E+00,    0.1501861053E-05,    0.8508192716E-01,    0.1699405703E-08
    0.9700840484E+00,    0.2004654148E-05,    0.4375546136E-01,    0.4602319037E-08
    0.9700840484E+00,    0.2509312193E-05,    0.2637724257E-01,    0.1003697156E-07
    0.9700840484E+00,    0.3016304676E-05,    0.1754653145E-01,    0.1899067851E-07
    0.9700840484E+00,    0.3526103259E-05,    0.1247339405E-01,    0.3254592525E-07
    0.9700840484E+00,    0.4039182211E-05,    0.9298864233E-02,    0.5188362050E-07
    0.9700840484E+00,    0.4556018856E-05,    0.7183690679E-02,    0.7829016820E-07
    0.9700840484E+00,    0.5077094012E-05,    0.5705090866E-02,    0.1131670634E-06
    0.9700840484E+00,    0.5602892439E-05,    0.4631643350E-02,    0.1580424517E-06
    0.9700840484E+00,    0.6133903295E-05,    0.3828157372E-02,    0.2145843756E-06
    0.9700840484E+00,    0.6670620584E-05,    0.3211412808E-02,    0.2846155552E-06
    0.9700840484E+00,    0.7213543618E-05,    0.2727928242E-02,    0.3701296051E-06
    0.9700840484E+00,    0.7763177486E-05,    0.2342073474E-02,    0.4733086071E-06
    0.9700840484E+00,    0.8320033518E-05,    0.2029373944E-02,    0.5965419456E-06
    0.9700840484E+00,    0.8884629761E-05,    0.1772570032E-02,    0.7424462829E-06
    0.9700840484E+00,    0.9457491465E-05,    0.1559208753E-02,    0.9138864962E-06
    0.9700840484E+00,    0.1003915157E-04,    0.1380123165E-02,    0.1113997321E-05
    0.9700840484E+00,    0.1063015120E-04,    0.1228444461E-02,    0.1346205342E-05
    0.9700840484E+00,    0.1123104017E-04,    0.1098943780E-02,    0.1614250835E-05
    0.9700840484E+00,    0.1184237749E-04,    0.9875837478E-03,    0.1922208798E-05
    0.9700840484E+00,    0.1246473189E-04,    0.8912067400E-03,    0.2274508302E-05
    0.9700840484E+00,    0.1309868236E-04,    0.8073142325E-03,    0.2675949039E-05
    0.9700840484E+00,    0.1374481867E-04,    0.7339080505E-03,    0.3131713665E-05
    0.9700840484E+00,    0.1440374193E-04,    0.6693744434E-03,    0.3647374202E-05
    0.9700840484E+00,    0.1507606513E-04,    0.6123982733E-03,    0.4228890421E-05
    0.9700840484E+00,    0.1576241375E-04,    0.5618987022E-03,    0.4882597771E-05
    0.9700840484E+00,    0.1646342630E-04,    0.5169804357E-03,    0.5615182086E-05
    0.9700840484E+00,    0.1717975495E-04,    0.4768963718E-03,    0.6433638035E-05
    0.9700840484E+00,    0.1791206609E-04,    0.4410187083E-03,    0.7345208171E-05
    0.9700840484E+00,    0.1866104102E-04,    0.4088163963E-03,    0.8357299492E-05
    0.9700840484E+00,    0.1942737650E-04,    0.3798374032E-03,    0.9477374821E-05
    0.9700840484E+00,    0.2021178547E-04,    0.3536946576E-03,    0.1071281708E-04
    0.9700840484E+00,    0.2101499767E-04,    0.3300548405E-03,    0.1207076576E-04
    0.9700840484E+00,    0.2183776033E-04,    0.3086293950E-03,    0.1355792673E-04
    0.9700840484E+00,    0.2268083889E-04,    0.2891672817E-03,    0.1518035869E-04
    0.9700840484E+00,    0.2354501766E-04,    0.2714491144E-03,    0.1694324232E-04
    0.9700840484E+00,    0.2443110060E-04,    0.2552823991E-03,    0.1885064126E-04
    0.9700840484E+00,    0.2533991204E-04,    0.2404976529E-03,    0.2090526653E-04
    0.9700840484E+00,    0.2627229746E-04,    0.2269452322E-03,    0.2310825842E-04
    0.9700840484E+00,    0.2722912427E-04,    0.2144927274E-03,    0.2545900141E-04
    0.9700840484E+00,    0.2821128261E-04,    0.2030228124E-03,    0.2795498707E-04
    0.9700840484E+00,    0.2921968619E-04,    0.1924314548E-03,    0.3059173847E-04
    0.9700840484E+00,    0.3025527315E-04,    0.1826264108E-03,    0.3336280603E-04
    0.9700840484E+00,    0.3131900689E-04,    0.1735259429E-03,    0.3625983982E-04
    0.9700840484E+00,    0.3241187703E-04,    0.1650577087E-03,    0.3927273734E-04
    0.9700840484E+00,    0.3353490026E-04,    0.1571577839E-03,    0.4238985999E-04
    0.9700840484E+00,    0.3468912136E-04,    0.1497697869E-03,    0.4559830597E-04
    0.9700840484E+00,    0.3587561410E-04,    0.1428440856E-03,    0.4888422324E-04
    0.9700840484E+00,    0.3709548228E-04,    0.1363370700E-03,    0.5223314409E-04
    0.9700840484E+00,    0.3834986078E-04,    0.1302104825E-03,    0.5563032258E-04
    0.9700840484E+00,    0.3963991653E-04,    0.1244307998E-03,    0.5906105755E-04
    0.9700840484E+00,    0.4096684971E-04,    0.1189686640E-03,    0.6251098706E-04
    0.9700840484E+00,    0.4233189477E-04,    0.1137983620E-03,    0.6596634367E-04
    0.9700840484E+00,    0.4373632161E-04,    0.1088973521E-03,    0.6941416425E-04
    0.9700840484E+00,    0.4518143681E-04,    0.1042458383E-03,    0.7284245170E-04
    0.9700840484E+00,    0.4666858475E-04,    0.9982639002E-04,    0.7624028946E-04
    0.9700840484E+00,    0.4819914896E-04,    0.9562360625E-04,    0.7959791199E-04
    0.9700840484E+00,    0.4977455332E-04,    0.9162382173E-04,    0.8290673644E-04
    0.9700840484E+00,    0.5139626346E-04,    0.8781463753E-04,    0.8615953139E-04
    0.9700840484E+00,    0.5306578807E-04,    0.8418332311E-04,    0.8935153154E-04
    0.9700840484E+00,    0.5478468032E-04,    0.8071671956E-04,    0.9248040972E-04
    0.9700840484E+00,    0.5655453931E-04,    0.7740358546E-04,    0.9554313832E-04
    0.9700840484E+00,    0.5837701157E-04,    0.7423488515E-04,    0.9853532168E-04
    0.9700840484E+00,    0.6025379256E-04,    0.7120269656E-04,    0.1014529323E-03
    0.9700840484E+00,    0.6218662827E-04,    0.6829992355E-04,    0.1042925910E-03
    0.9700840484E+00,    0.6417731683E-04,    0.6552015378E-04,    0.1070515935E-03
    0.9700840484E+00,    0.6622771021E-04,    0.6285755410E-04,    0.1097278871E-03
    0.9700840484E+00,    0.6833971589E-04,    0.6030678419E-04,    0.1123200327E-03
    0.9700840484E+00,    0.7051529871E-04,    0.5786292376E-04,    0.1148271619E-03
    0.9700840484E+00,    0.7275648264E-04,    0.5552141154E-04,    0.1172489305E-03
    0.9700840484E+00,    0.7506535266E-04,    0.5327799447E-04,    0.1195854711E-03
    0.9700840484E+00,    0.7744405674E-04,    0.5112868592E-04,    0.1218373463E-03
    0.9700840484E+00,    0.7989480782E-04,    0.4906973135E-04,    0.1240055027E-03
    0.9700840484E+00,    0.8241988585E-04,    0.4709757904E-04,    0.1260912289E-03
    0.9700840484E+00,    0.8502163994E-04,    0.4520885851E-04,    0.1280961145E-03
    0.9700840484E+00,    0.8770249053E-04,    0.4340036760E-04,    0.1300220079E-03
    0.9700840484E+00,    0.9046493164E-04,    0.4166906110E-04,    0.1318709822E-03
    0.9700840484E+00,    0.9331153320E-04,    0.4001203976E-04,    0.1336453095E-03
    0.9700840484E+00,    0.9624494343E-04,    0.3842653999E-04,    0.1353474397E-03
    0.9700840484E+00,    0.9926789131E-04,    0.3690991854E-04,    0.1369799882E-03
    0.9700840484E+00,    0.1023831891E-03,    0.3545961885E-04,    0.1385457365E-03
    0.9700840484E+00,    0.1055937351E-03,    0.3407308964E-04,    0.1400476590E-03
    0.9700840484E+00,    0.1089025159E-03,    0.3274758780E-04,    0.1414889959E-03
    0.9700840484E+00,    0.1123126099E-03,    0.3147987471E-04,    0.1428733257E-03
    0.9700840484E+00,    0.1158271895E-03,    0.3026656793E-04,    0.1442041077E-03
    0.9700840484E+00,    0.1194495242E-03,    0.2910485065E-04,    0.1454838161E-03
    0.9700840484E+00,    0.1231829841E-03,    0.2799234429E-04,    0.1467142246E-03
    0.9700840484E+00,    0.1270310424E-03,    0.2692678484E-04,    0.1478970753E-03
    0.9700840484E+00,    0.1309972789E-03,    0.2590601726E-04,    0.1490340736E-03
    0.9700840484E+00,    0.1350853835E-03,    0.2492799021E-04,    0.1501268842E-03
    0.9700840484E+00,    0.1392991595E-03,    0.2399075107E-04,    0.1511771278E-03
    0.9700840484E+00,    0.1436425268E-03,    0.2309244115E-04,    0.1521863782E-03
    0.9700840484E+00,    0.1481195263E-03,    0.2223129122E-04,    0.1531561610E-03
    0.9700840484E+00,    0.1527343229E-03,    0.2140561708E-04,    0.1540879526E-03
    0.9700840484E+00,    0.1574912098E-03,    0.2061381559E-04,    0.1549831787E-03
    0.9700840484E+00,    0.1623946124E-03,    0.1985436073E-04,    0.1558432151E-03
    0.9700840484E+00,    0.1674490923E-03,    0.1912579990E-04,    0.1566693869E-03
    0.9700840484E+00,    0.1726593518E-03,    0.1842675027E-04,    0.1574629694E-03
    0.9700840484E+00,    0.1780302381E-03,    0.1775589545E-04,    0.1582251885E-03
    0.9700840484E+00,    0.1835667477E-03,    0.1711198218E-04,    0.1589572215E-03
    0.9700840484E+00,    0.1892740313E-03,    0.1649381728E-04,    0.1596601982E-03
    0.9700840484E+00,    0.1951573985E-03,    0.1590026468E-04,    0.1603352019E-03
    0.9700840484E+00,    0.2012223227E-03,    0.1533024259E-04,    0.1609832705E-03
    0.9700840484E+00,    0.2074744460E-03,    0.1478272085E-04,    0.1616053976E-03
    0.9700840484E+00,    0.2139195848E-03,    0.1425671836E-04,    0.1622025340E-03
    0.9700840484E+00,    0.2205637353E-03,    0.1375130062E-04,    0.1627755891E-03
    0.9700840484E+00,    0.2274130784E-03,    0.1326557745E-04,    0.1633254318E-03
    0.9700840484E+00,    0.2344739863E-03,    0.1279870078E-04,    0.1638528921E-03
    0.9700840484E+00,    0.2417530277E-03,    0.1234986251E-04,    0.1643587625E-03
    0.9700840484E+00,    0.2492569744E-03,    0.1191829259E-04,    0.1648437989E-03
    0.9700840484E+00,    0.2569928074E-03,    0.1150325706E-04,    0.1653087224E-03
    0.9700840484E+00,    0.2649677234E-03,    0.1110405627E-04,    0.1657542200E-03
    0.9700840484E+00,    0.2731891416E-03,    0.1072002321E-04,    0.1661809463E-03
    0.9700840484E+00,    0.2816647104E-03,    0.1035052180E-04,    0.1665895244E-03
    0.9700840484E+00,    0.2904023148E-03,    0.9994945432E-05,    0.1669805470E-03
    0.9700840484E+00,    0.2994100835E-03,    0.9652715463E-05,    0.1673545776E-03
    0.9700840484E+00,    0.3086963964E-03,    0.9323279829E-05,    0.1677121517E-03
    0.9700840484E+00,    0.3182698926E-03,    0.9006111737E-05,    0.1680537776E-03
    0.9700840484E+00,    0.3281394786E-03,    0.8700708407E-05,    0.1683799374E-03
    0.9700840484E+00,    0.3383143362E-03,    0.8406589886E-05,    0.1686910880E-03
    0.9700840484E+00,    0.3488039309E-03,    0.8123297928E-05,    0.1689876620E-03
    0.9700840484E+00,    0.3596180216E-03,    0.7850394918E-05,    0.1692700685E-03
    0.9700840484E+00,    0.3707666685E-03,    0.7587462867E-05,    0.1695386940E-03
    0.9700840484E+00,    0.3822602435E-03,    0.7334102449E-05,    0.1697939029E-03
    0.9700840484E+00,    0.3941094390E-03,    0.7089932087E-05,    0.1700360387E-03
    0.9700840484E+00,    0.4063252786E-03,    0.6854587098E-05,    0.1702654241E-03
    0.9700840484E+00,    0.4189191268E-03,    0.6627718864E-05,    0.1704823622E-03
    0.9700840484E+00,    0.4319026996E-03,    0.6408994065E-05,    0.1706871368E-03
    0.9700840484E+00,    0.4452880760E-03,    0.6198093932E-05,    0.1708800129E-03
    0.9700840484E+00,    0.4590877084E-03,    0.5994713560E-05,    0.1710612375E-03
    0.9700840484E+00,    0.4733144347E-03,    0.5798561237E-05,    0.1712310400E-03
    0.9700840484E+00,    0.4879814904E-03,    0.5609357817E-05,    0.1713896326E-03
    0.9700840484E+00,    0.5031025201E-03,    0.5426836126E-05,    0.1715372108E-03
    0.9700840484E+00,    0.5186915913E-03,    0.5250740396E-05,    0.1716739537E-03
    0.9700840484E+00,    0.5347632065E-03,    0.5080825725E-05,    0.1718000246E-03
    0.9700840484E+00,    0.5513323174E-03,    0.4916857573E-05,    0.1719155710E-03
    0.9700840484E+00,    0.5684143384E-03,    0.4758611271E-05,    0.1720207255E-03
    0.9700840484E+00,    0.5860251610E-03,    0.4605871572E-05,    0.1721156052E-03
    0.9700840484E+00,    0.6041811688E-03,    0.4458432205E-05,    0.1722003128E-03
    0.9700840484E+00,    0.6228992525E-03,    0.4316095470E-05,    0.1722749363E-03
    0.9700840484E+00,    0.6421968257E-03,    0.4178671840E-05,    0.1723395495E-03
    0.9700840484E+00,    0.6620918412E-03,    0.4045979589E-05,    0.1723942120E-03
    0.9700840484E+00,    0.6826028075E-03,    0.3917844438E-05,    0.1724389692E-03
    0.9700840484E+00,    0.7037488061E-03,    0.3794099221E-05,    0.1724738530E-03
    0.9700840484E+00,    0.7255495094E-03,    0.3674583560E-05,    0.1724988811E-03
    0.9700840484E+00,    0.7480251988E-03,    0.3559143564E-05,    0.1725140577E-03
    0.9700840484E+00,    0.7711967837E-03,    0.3447631540E-05,    0.1725193733E-03
    0.9700840484E+00,    0.7950858208E-03,    0.3339905718E-05,    0.1725148045E-03
    0.9700840484E+00,    0.8197145343E-03,    0.3235829989E-05,    0.1725003145E-03
    0.9700840484E+00,    0.8451058367E-03,    0.3135273657E-05,    0.1724758525E-03
    0.9700840484E+00,    0.8712833496E-03,    0.3038111203E-05,    0.1724413541E-03
    0.9700840484E+00,    0.8982714263E-03,    0.2944222059E-05,    0.1723967409E-03
    0.9700840484E+00,    0.9260951740E-03,    0.2853490397E-05,    0.1723419205E-03
    0.9700840484E+00,    0.9547804775E-03,    0.2765804920E-05,    0.1722767865E-03
    0.9700840484E+00,    0.9843540231E-03,    0.2681058674E-05,    0.1722012178E-03
    0.9700840484E+00,    0.1014843323E-02,    0.2599148860E-05,    0.1721150791E-03
    0.9700840484E+00,    0.1046276742E-02,    0.2519976657E-05,    0.1720182203E-03
    0.9700840484E+00,    0.1078683524E-02,    0.2443447061E-05,    0.1719104760E-03
    0.9700840484E+00,    0.1112093815E-02,    0.2369468717E-05,    0.1717916658E-03
    0.9700840484E+00,    0.1146538699E-02,    0.2297953773E-05,    0.1716615934E-03
    0.9700840484E+00,    0.1182050219E-02,    0.2228817735E-05,    0.1715200466E-03
    0.9700840484E+00,    0.1218661412E-02,    0.2161979327E-05,    0.1713667968E-03
    0.9700840484E+00,    0.1256406339E-02,    0.2097360358E-05,    0.1712015984E-03
    0.9700840484E+00,    0.1295320114E-02,    0.2034885604E-05,    0.1710241886E-03
    0.9700840484E+00,    0.1335438937E-02,    0.1974482680E-05,    0.1708342867E-03
    0.9700840484E+00,    0.1376800134E-02,    0.1916081932E-05,    0.1706315935E-03
    0.9700840484E+00,    0.1419442181E-02,    0.1859616326E-05,    0.1704157910E-03
    0.9700840484E+00,    0.1463404750E-02,    0.1805021345E-05,    0.1701865412E-03
    0.9700840484E+00,    0.1508728740E-02,    0.1752234892E-05,    0.1699434861E-03
    0.9700840484E+00,    0.1555456315E-02,    0.1701197194E-05,    0.1696862462E-03
    0.9700840484E+00,    0.1603630947E-02,    0.1651850712E-05,    0.1694144203E-03
    0.9700840484E+00,    0.1653297453E-02,    0.1604140059E-05,    0.1691275842E-03
    0.9700840484E+00,    0.1704502039E-02,    0.1558011916E-05,    0.1688252899E-03
    0.9700840484E+00,    0.1757292340E-02,    0.1513414955E-05,    0.1685070647E-03
    0.9700840484E+00,    0.1811717468E-02,    0.1470299765E-05,    0.1681724100E-03
    0.9700840484E+00,    0.1867828056E-02,    0.1428618783E-05,    0.1678207999E-03
    0.9700840484E+00,    0.1925676303E-02,    0.1388326226E-05,    0.1674516804E-03
    0.9700840484E+00,    0.1985316026E-02,    0.1349378028E-05,    0.1670644678E-03
    0.9700840484E+00,    0.2046802709E-02,    0.1311731780E-05,    0.1666585472E-03
    0.9700840484E+00,    0.2110193553E-02,    0.1275346673E-05,    0.1662332710E-03
    0.9700840484E+00,    0.2175547532E-02,    0.1240183442E-05,    0.1657879573E-03
    0.9700840484E+00,    0.2242925446E-02,    0.1206204317E-05,    0.1653218880E-03
    0.9700840484E+00,    0.2312389975E-02,    0.1173372973E-05,    0.1648343071E-03
    0.9700840484E+00,    0.2384005744E-02,    0.1141654485E-05,    0.1643244184E-03
    0.9700840484E+00,    0.2457839379E-02,    0.1111015284E-05,    0.1637913833E-03
    0.9700840484E+00,    0.2533959566E-02,    0.1081423119E-05,    0.1632343189E-03
    0.9700840484E+00,    0.2612437122E-02,    0.1052847015E-05,    0.1626522947E-03
    0.9700840484E+00,    0.2693345054E-02,    0.1025257245E-05,    0.1620443308E-03
    0.9700840484E+00,    0.2776758633E-02,    0.9986252900E-06,    0.1614093941E-03
    0.9700840484E+00,    0.2862755459E-02,    0.9729238161E-06,    0.1607463960E-03
    0.9700840484E+00,    0.2951415535E-02,    0.9481266439E-06,    0.1600541887E-03
    0.9700840484E+00,    0.3042821343E-02,    0.9242087265E-06,    0.1593315619E-03
    0.9700840484E+00,    0.3137057920E-02,    0.9011461284E-06,    0.1585772387E-03
    0.9700840484E+00,    0.3234212933E-02,    0.8789160081E-06,    0.1577898721E-03
    0.9700840484E+00,    0.3334376767E-02,    0.8574966040E-06,    0.1569680406E-03
    0.9700840484E+00,    0.3437642606E-02,    0.8368672238E-06,    0.1561102437E-03
    0.9700840484E+00,    0.3544106519E-02,    0.8170082383E-06,    0.1552148974E-03
    0.9700840484E+00,    0.3653867550E-02,    0.7979010787E-06,    0.1542803293E-03
    0.9700840484E+00,    0.3767027811E-02,    0.7795282395E-06,    0.1533047734E-03
    0.9700840484E+00,    0.3883692577E-02,    0.7618732862E-06,    0.1522863648E-03
    0.9700840484E+00,    0.4003970382E-02,    0.7449208693E-06,    0.1512231349E-03
    0.9700840484E+00,    0.4127973121E-02,    0.7286567446E-06,    0.1501130052E-03
    0.9700840484E+00,    0.4255816156E-02,    0.7130678024E-06,    0.1489537829E-03
    0.9700840484E+00,    0.4387618419E-02,    0.6981421047E-06,    0.1477431551E-03
    0.9700840484E+00,    0.4523502529E-02,    0.6838689334E-06,    0.1464786845E-03
    0.9700840484E+00,    0.4663594900E-02,    0.6702388508E-06,    0.1451578050E-03
    0.9700840484E+00,    0.4808025860E-02,    0.6572430452E-06,    0.1437777211E-03
    0.9700840484E+00,    0.4956929776E-02,    0.6448647345E-06,    0.1423341602E-03
    0.9700840484E+00,    0.5110445174E-02,    0.6330727702E-06,    0.1408205096E-03
    0.9700840484E+00,    0.5268714871E-02,    0.6218315455E-06,    0.1392288977E-03
    0.9700840484E+00,    0.5431886107E-02,    0.6111095913E-06,    0.1375511682E-03
    0.9700840484E+00,    0.5600110683E-02,    0.6008791830E-06,    0.1357791058E-03
    0.9700840484E+00,    0.5773545098E-02,    0.5911152149E-06,    0.1339044734E-03
    0.9700840484E+00,    0.5952350701E-02,    0.5817941510E-06,    0.1319189379E-03
    0.9700840484E+00,    0.6136693837E-02,    0.5728929660E-06,    0.1298138977E-03
    0.9700840484E+00,    0.6326746002E-02,    0.5643879978E-06,    0.1275802228E-03
    0.9700840484E+00,    0.6522684003E-02,    0.5562536503E-06,    0.1252079232E-03
    0.9700840484E+00,    0.6724690123E-02,    0.5484609073E-06,    0.1226857623E-03
    0.9700840484E+00,    0.6932952291E-02,    0.5409756353E-06,    0.1200008385E-03
    0.9700840484E+00,    0.7147664256E-02,    0.5337566517E-06,    0.1171381669E-03
    0.9700840484E+00,    0.7369025765E-02,    0.5267535326E-06,    0.1140803042E-03
    0.9700840484E+00,    0.7597242754E-02,    0.5199041302E-06,    0.1108070725E-03
    0.9700840484E+00,    0.7832527535E-02,    0.5131317936E-06,    0.1072954507E-03
    0.9700840484E+00,    0.8075098997E-02,    0.5063423644E-06,    0.1035197358E-03
    0.9700840484E+00,    0.8325182805E-02,    0.4994212280E-06,    0.9945216656E-04
    0.9700840484E+00,    0.8583011616E-02,    0.4922311799E-06,    0.9506439744E-04
    0.9700840484E+00,    0.8848825290E-02,    0.4846129176E-06,    0.9033055201E-04
    0.9700840484E+00,    0.9122871116E-02,    0.4763920056E-06,    0.8523296065E-04
    0.9700840484E+00,    0.9405404043E-02,    0.4673993117E-06,    0.7977174905E-04
    0.9700840484E+00,    0.9696686912E-02,    0.4575148533E-06,    0.7397841448E-04
    0.9700840484E+00,    0.9996990708E-02,    0.4468018033E-06,    0.6793972848E-04
    0.9700840484E+00,    0.1030659481E-01,    0.4356121802E-06,    0.6180255685E-04
    0.9700840484E+00,    0.1062578724E-01,    0.4243925263E-06,    0.5570653169E-04
    0.9700840484E+00,    0.1095486494E-01,    0.4133979886E-06,    0.4968263690E-04
    0.9700840484E+00,    0.1129413407E-01,    0.4025704330E-06,    0.4363867086E-04
    0.9700840484E+00,    0.1164391025E-01,    0.3915575776E-06,    0.3746748203E-04
    0.9700840484E+00,    0.1200451888E-01,    0.3797791837E-06,    0.3113454352E-04
    0.9700840484E+00,    0.1237629543E-01,    0.3662716342E-06,    0.2466815969E-04
    0.9700840484E+00,    0.1275958577E-01,    0.3490785221E-06,    0.1816117466E-04
    0.9700840484E+00,    0.1315474649E-01,    0.3234669485E-06,    0.1185101153E-04
    0.9700840484E+00,    0.1356214521E-01,    0.2780822862E-06,    0.6308921724E-05
    0.9700840484E+00,    0.1398216092E-01,    0.2032639626E-06,    0.2434066178E-05
    0.9700840484E+00,    0.1441518438E-01,    0.1241220231E-06,    0.5975457866E-06
    0.9700840484E+00,    0.1486161844E-01,    0.8083923990E-07,    0.8628246518E-07
    0.9700840484E+00,    0.1532187841E-01,    0.7046373229E-07,    0.8441139493E-08
    0.9700840484E+00,    0.1579639248E-01,    0.6934079066E-07,    0.1103429721E-08
    0.9700840484E+00,    0.1628560209E-01,    0.6925333532E-07,    0.5392275568E-09
    0.9700840484E+00,    0.1678996237E-01,    0.6924708270E-07,    0.4985411914E-09
    0.9700840484E+00,    0.1730994252E-01,    0.6924669429E-07,    0.4957338378E-09
    0.9700840484E+00,    0.1784602628E-01,    0.6924671190E-07,    0.4955484730E-09
    0.9700840484E+00,    0.1839871239E-01,    0.6924675784E-07,    0.4955370701E-09
    0.9700840484E+00,    0.1896851501E-01,    0.6924680708E-07,    0.4955367422E-09
    0.9700840484E+00,    0.1955596422E-01,    0.6924685803E-07,    0.4955371003E-09
    0.9700840484E+00,    0.2016160655E-01,    0.6924691061E-07,    0.4955375096E-09
    0.9700840484E+00,    0.2078600543E-01,    0.6924696484E-07,    0.4955379332E-09
    0.9700840484E+00,    0.2142974175E-01,    0.6924702075E-07,    0.4955383694E-09
    0.9700840484E+00,    0.2209341436E-01,    0.6924707838E-07,    0.4955388186E-09
    0.9700840484E+00,    0.2277764071E-01,    0.6924713777E-07,    0.4955392811E-09
    0.9700840484E+00,    0.2348305733E-01,    0.6924719897E-07,    0.4955397572E-09
    0.9700840484E+00,    0.2421032048E-01,    0.6924726201E-07,    0.4955402476E-09
    0.9700840484E+00,    0.2496010673E-01,    0.6924732695E-07,    0.4955407525E-09
    0.9700840484E+00,    0.2573311363E-01,    0.6924739383E-07,    0.4955412724E-09
    0.9700840484E+00,    0.2653006030E-01,    0.6924746273E-07,    0.4955418077E-09
    0.9700840484E+00,    0.2735168816E-01,    0.6924753368E-07,    0.4955423589E-09
    0.9700840484E+00,    0.2819876157E-01,    0.6924760675E-07,    0.4955429265E-09
    0.9700840484E+00,    0.2907206858E-01,    0.6924768200E-07,    0.4955435110E-09
    0.9700840484E+00,    0.2997242163E-01,    0.6924775948E-07,    0.4955441128E-09
    0.9700840484E+00,    0.3090065833E-01,    0.6924783928E-07,    0.4955447324E-09
    0.9700840484E+00,    0.3185764223E-01,    0.6924792144E-07,    0.4955453703E-09
    0.9700840484E+00,    0.3284426362E-01,    0.6924800604E-07,    0.4955460271E-09
    0.9700840484E+00,    0.3386144036E-01,    0.6924809315E-07,    0.4955467034E-09
    0.9700840484E+00,    0.3491011874E-01,    0.6924818283E-07,    0.4955473996E-09
    0.9700840484E+00,    0.3599127436E-01,    0.6924827517E-07,    0.4955481163E-09
    0.9700840484E+00,    0.3710591303E-01,    0.6924837024E-07,    0.4955488542E-09
    0.9700840484E+00,    0.3825507171E-01,    0.6924846812E-07,    0.4955496138E-09
    0.9700840484E+00,    0.3943981948E-01,    0.6924856888E-07,    0.4955503958E-09
    0.9700840484E+00,    0.4066125851E-01,    0.6924867260E-07,    0.4955512007E-09
    0.9700840484E+00,    0.4192052512E-01,    0.6924877938E-07,    0.4955520293E-09
    0.9700840484E+00,    0.4321879083E-01,    0.6924888930E-07,    0.4955528821E-09
    0.9700840484E+00,    0.4455726341E-01,    0.6924900244E-07,    0.4955537599E-09
    0.9700840484E+00,    0.4593718808E-01,    0.6924911890E-07,    0.4955546634E-09
    0.9700840484E+00,    0.4735984857E-01,    0.6924923876E-07,    0.4955555932E-09
    0.9700840484E+00,    0.4882656842E-01,    0.6924936213E-07,    0.4955565502E-09
    0.9700840484E+00,    0.5033871212E-01,    0.6924948911E-07,    0.4955575350E-09
    0.9700840484E+00,    0.5189768644E-01,    0.6924961978E-07,    0.4955585484E-09
    0.9700840484E+00,    0.5350494170E-01,    0.6924975425E-07,    0.4955595913E-09
    0.9700840484E+00,    0.5516197316E-01,    0.6924989263E-07,    0.4955606643E-09
    0.9700840484E+00,    0.5687032236E-01,    0.6925003503E-07,    0.4955617684E-09
    0.9700840484E+00,    0.5863157861E-01,    0.6925018154E-07,    0.4955629044E-09
    0.9700840484E+00,    0.6044738041E-01,    0.6925033230E-07,    0.4955640731E-09
    0.9700840484E+00,    0.6231941702E-01,    0.6925048740E-07,    0.4955652754E-09
    0.9700840484E+00,    0.6424943002E-01,    0.6925064697E-07,    0.4955665123E-09
    0.9700840484E+00,    0.6623921492E-01,    0.6925081113E-07,    0.4955677846E-09
    0.9700840484E+00,    0.6829062284E-01,    0.6925097999E-07,    0.4955690932E-09
    0.9700840484E+00,    0.7040556222E-01,    0.6925115369E-07,    0.4955704392E-09
    0.9700840484E+00,    0.7258600061E-01,    0.6925133235E-07,    0.4955718236E-09
    0.9700840484E+00,    0.7483396650E-01,    0.6925151610E-07,    0.4955732472E-09
    0.9700840484E+00,    0.7715155119E-01,    0.6925170507E-07,    0.4955747112E-09
    0.9700840484E+00,    0.7954091076E-01,    0.6925189940E-07,    0.4955762165E-09
    0.9700840484E+00,    0.8200426804E-01,    0.6925209923E-07,    0.4955777643E-09
    0.9700840484E+00,    0.8454391473E-01,    0.6925230469E-07,    0.4955793555E-09
    0.9700840484E+00,    0.8716221349E-01,    0.6925251594E-07,    0.4955809914E-09
    0.9700840484E+00,    0.8986160014E-01,    0.6925273311E-07,    0.4955826730E-09
    0.9700840484E+00,    0.9264458596E-01,    0.6925295635E-07,    0.4955844015E-09
    0.9700840484E+00,    0.9551375998E-01,    0.6925318582E-07,    0.4955861779E-09
    0.9700840484E+00,    0.9847179142E-01,    0.6925342167E-07,    0.4955880036E-09
    0.9700840484E+00,    0.1015214322E+00,    0.6925366405E-07,    0.4955898796E-09
    0.9700840484E+00,    0.1046655193E+00,    0.6925391312E-07,    0.4955918073E-09
    0.9700840484E+00,    0.1079069779E+00,    0.6925416904E-07,    0.4955937877E-09
    0.9700840484E+00,    0.1112488235E+00,    0.6925443198E-07,    0.4955958222E-09
    0.9700840484E+00,    0.1146941649E+00,    0.6925470209E-07,    0.4955979120E-09
    0.9700840484E+00,    0.1182462075E+00,    0.6925497954E-07,    0.4956000584E-09
    0.9700840484E+00,    0.1219082558E+00,    0.6925526451E-07,    0.4956022627E-09
    0.9700840484E+00,    0.1256837165E+00,    0.6925555715E-07,    0.4956045261E-09
    0.9700840484E+00,    0.1295761021E+00,    0.6925585765E-07,    0.4956068500E-09
    0.9700840484E+00,    0.1335890337E+00,    0.6925616617E-07,    0.4956092357E-09
    0.9700840484E+00,    0.1377262445E+00,    0.6925648288E-07,    0.4956116846E-09
    0.9700840484E+00,    0.1419915834E+00,    0.6925680796E-07,    0.4956141978E-09
    0.9700840484E+00,    0.1463890185E+00,    0.6925714159E-07,    0.4956167769E-09
    0.9700840484E+00,    0.1509226409E+00,    0.6925748394E-07,    0.4956194231E-09
    0.9700840484E+00,    0.1555966681E+00,    0.6925783518E-07,    0.4956221378E-09
    0.9700840484E+00,    0.1604154485E+00,    0.6925819549E-07,    0.4956249223E-09
    0.9700840484E+00,    0.1653834650E+00,    0.6925856505E-07,    0.4956277779E-09
    0.9700840484E+00,    0.1705053394E+00,    0.6925894402E-07,    0.4956307061E-09
    0.9700840484E+00,    0.1757858367E+00,    0.6925933257E-07,    0.4956337080E-09
    0.9700840484E+00,    0.1812298693E+00,    0.6925973089E-07,    0.4956367850E-09
    0.9700840484E+00,    0.1868425019E+00,    0.6926013913E-07,    0.4956399384E-09
    0.9700840484E+00,    0.1926289561E+00,    0.6926055747E-07,    0.4956431695E-09
    0.9700840484E+00,    0.1985946149E+00,    0.6926098605E-07,    0.4956464795E-09
    0.9700840484E+00,    0.2047450282E+00,    0.6926142505E-07,    0.4956498696E-09
    0.9700840484E+00,    0.2110859180E+00,    0.6926187461E-07,    0.4956533410E-09
    0.9700840484E+00,    0.2176231832E+00,    0.6926233488E-07,    0.4956568948E-09
    0.9700840484E+00,    0.2243629054E+00,    0.6926280601E-07,    0.4956605321E-09
    0.9700840484E+00,    0.2313113547E+00,    0.6926328812E-07,    0.4956642540E-09
    0.9700840484E+00,    0.2384749954E+00,    0.6926378135E-07,    0.4956680615E-09
    0.9700840484E+00,    0.2458604917E+00,    0.6926428582E-07,    0.4956719554E-09
    0.9700840484E+00,    0.2534747146E+00,    0.6926480163E-07,    0.4956759366E-09
    0.9700840484E+00,    0.2613247476E+00,    0.6926532887E-07,    0.4956800059E-09
    0.9700840484E+00,    0.2694178936E+00,    0.6926586765E-07,    0.4956841640E-09
    0.9700840484E+00,    0.2777616819E+00,    0.6926641803E-07,    0.4956884113E-09
    0.9700840484E+00,    0.2863638747E+00,    0.6926698006E-07,    0.4956927484E-09
    0.9700840484E+00,    0.2952324747E+00,    0.6926755379E-07,    0.4956971756E-09
    0.9700840484E+00,    0.3043757325E+00,    0.6926813925E-07,    0.4957016930E-09
    0.9700840484E+00,    0.3138021542E+00,    0.6926873643E-07,    0.4957063008E-09
    0.9700840484E+00,    0.3235205092E+00,    0.6926934532E-07,    0.4957109987E-09
    0.9700840484E+00,    0.3335398386E+00,    0.6926996588E-07,    0.4957157866E-09
    0.9700840484E+00,    0.3438694635E+00,    0.6927059805E-07,    0.4957206637E-09
    0.9700840484E+00,    0.3545189937E+00,    0.6927124172E-07,    0.4957256296E-09
    0.9700840484E+00,    0.3654983366E+00,    0.6927189677E-07,    0.4957306831E-09
    0.9700840484E+00,    0.3768177062E+00,    0.6927256304E-07,    0.4957358231E-09
    0.9700840484E+00,    0.3884876333E+00,    0.6927324035E-07,    0.4957410481E-09
    0.9700840484E+00,    0.4005189743E+00,    0.6927392844E-07,    0.4957463562E-09
    0.9700840484E+00,    0.4129229222E+00,    0.6927462706E-07,    0.4957517454E-09
    0.9700840484E+00,    0.4257110165E+00,    0.6927533588E-07,    0.4957572131E-09
    0.9700840484E+00,    0.4388951541E+00,    0.6927605452E-07,    0.4957627565E-09
    0.9700840484E+00,    0.4524876003E+00,    0.6927678256E-07,    0.4957683723E-09
    0.9700840484E+00,    0.4665010004E+00,    0.6927751951E-07,    0.4957740567E-09
    0.9700840484E+00,    0.4809483911E+00,    0.6927826484E-07,    0.4957798055E-09
    0.9700840484E+00,    0.4958432130E+00,    0.6927901793E-07,    0.4957856140E-09
    0.9700840484E+00,    0.5111993229E+00,    0.6927977809E-07,    0.4957914768E-09
    0.9700840484E+00,    0.5270310067E+00,    0.6928054457E-07,    0.4957973880E-09
    0.9700840484E+00,    0.5433529929E+00,    0.6928131650E-07,    0.4958033410E-09
    0.9700840484E+00,    0.5601804658E+00,    0.6928209297E-07,    0.4958093284E-09
    0.9700840484E+00,    0.5775290804E+00,    0.6928287292E-07,    0.4958153422E-09
    0.9700840484E+00,    0.5954149761E+00,    0.6928365521E-07,    0.4958213735E-09
    0.9700840484E+00,    0.6138547925E+00,    0.6928443859E-07,    0.4958274123E-09
    0.9700840484E+00,    0.6328656843E+00,    0.6928522167E-07,    0.4958334478E-09
    0.9700840484E+00,    0.6524653374E+00,    0.6928600292E-07,    0.4958394681E-09
    0.9700840484E+00,    0.6726719857E+00,    0.6928678068E-07,    0.4958454600E-09
    0.9700840484E+00,    0.6935044276E+00,    0.6928755307E-07,    0.4958514087E-09
    0.9700840484E+00,    0.7149820438E+00,    0.6928831811E-07,    0.4958572986E-09
    0.9700840484E+00,    0.7371248150E+00,    0.6928907338E-07,    0.4958631107E-09
    0.9700840484E+00,    0.7599533409E+00,    0.6928981677E-07,    0.4958688278E-09
    0.9700840484E+00,    0.7834888592E+00,    0.6929054439E-07,    0.4958744193E-09
    0.9700840484E+00,    0.8077532652E+00,    0.6929125557E-07,    0.4958798792E-09
    0.9700840484E+00,    0.8327691323E+00,    0.6929193945E-07,    0.4958851218E-09
    0.9700840484E+00,    0.8585597329E+00,    0.6929260929E-07,    0.4958902489E-09
    0.9700840484E+00,    0.8851490605E+00,    0.6929321836E-07,    0.4958948935E-09
    0.9700840484E+00,    0.9125618512E+00,    0.6929385117E-07,    0.4958997123E-09
    0.9700840484E+00,    0.9408236075E+00,    0.6929413402E-07,    0.4959017866E-09
    0.9700840484E+00,    0.9699606216E+00,    0.6929441161E-07,    0.4959038732E-09
