x,y,sdr,tke
 9.701266289E-01, 2.499999994E-07, 1.775782704E+00, 4.235049377E-12
 9.701266289E-01, 7.502325730E-07, 3.267767429E-01, 1.171751030E-10
 9.701266289E-01, 1.251163098E-06, 1.147087440E-01, 7.633899068E-10
 9.701266289E-01, 1.753257607E-06, 5.545510352E-02, 2.635421437E-09
 9.701266289E-01, 2.256983180E-06, 3.205581754E-02, 6.569216282E-09
 9.701266289E-01, 2.762808435E-06, 2.069866657E-02, 1.350472623E-08
 9.701266289E-01, 3.271203923E-06, 1.439439598E-02, 2.447663050E-08
 9.701266289E-01, 3.782642807E-06, 1.055239141E-02, 4.061521963E-08
 9.701266289E-01, 4.297600753E-06, 8.045337163E-03, 6.315202228E-08
 9.701266289E-01, 4.816556611E-06, 6.322044414E-03, 9.342831220E-08
 9.701266289E-01, 5.339993095E-06, 5.088137463E-03, 1.329058108E-07
 9.701266289E-01, 5.868397693E-06, 4.175149370E-03, 1.831790968E-07
 9.701266289E-01, 6.402261988E-06, 3.481165506E-03, 2.459896677E-07
 9.701266289E-01, 6.942082109E-06, 2.941660117E-03, 3.232414372E-07
 9.701266289E-01, 7.488360552E-06, 2.514196327E-03, 4.170177590E-07
 9.701266289E-01, 8.041605724E-06, 2.169950632E-03, 5.295994470E-07
 9.701266289E-01, 8.602331945E-06, 1.888797269E-03, 6.634844567E-07
 9.701266289E-01, 9.171060810E-06, 1.656342763E-03, 8.214080935E-07
 9.701266289E-01, 9.748321645E-06, 1.462074695E-03, 1.006364869E-06
 9.701266289E-01, 1.033465105E-05, 1.298171584E-03, 1.221629759E-06
 9.701266289E-01, 1.093059564E-05, 1.158717321E-03, 1.470780944E-06
 9.701266289E-01, 1.153670928E-05, 1.039170194E-03, 1.757720725E-06
 9.701266289E-01, 1.215355496E-05, 9.359972319E-04, 2.086696895E-06
 9.701266289E-01, 1.278170748E-05, 8.464162238E-04, 2.462319799E-06
 9.701266289E-01, 1.342175074E-05, 7.682122523E-04, 2.889578354E-06
 9.701266289E-01, 1.407428044E-05, 6.996038719E-04, 3.373849040E-06
 9.701266289E-01, 1.473990324E-05, 6.391450297E-04, 3.920899417E-06
 9.701266289E-01, 1.541924030E-05, 5.856515490E-04, 4.536881534E-06
 9.701266289E-01, 1.611291918E-05, 5.381458905E-04, 5.228313967E-06
 9.701266289E-01, 1.682159018E-05, 4.958150093E-04, 6.002050213E-06
 9.701266289E-01, 1.754590994E-05, 4.579777597E-04, 6.865225714E-06
 9.701266289E-01, 1.828655331E-05, 4.240596609E-04, 7.825190551E-06
 9.701266289E-01, 1.904420787E-05, 3.935731074E-04, 8.889408491E-06
 9.701266289E-01, 1.981958121E-05, 3.661016817E-04, 1.006534148E-05
 9.701266289E-01, 2.061339183E-05, 3.412876395E-04, 1.136029368E-05
 9.701266289E-01, 2.142637823E-05, 3.188220435E-04, 1.278123818E-05
 9.701266289E-01, 2.225929893E-05, 2.984367602E-04, 1.433461512E-05
 9.701266289E-01, 2.311292883E-05, 2.798978239E-04, 1.602610246E-05
 9.701266289E-01, 2.398805918E-05, 2.630004019E-04, 1.786038229E-05
 9.701266289E-01, 2.488550672E-05, 2.475643996E-04, 1.984089977E-05
 9.701266289E-01, 2.580610453E-05, 2.334309247E-04, 2.196963214E-05
 9.701266289E-01, 2.675071119E-05, 2.204595512E-04, 2.424688319E-05
 9.701266289E-01, 2.772020343E-05, 2.085259039E-04, 2.667111949E-05
 9.701266289E-01, 2.871548350E-05, 1.975197229E-04, 2.923885586E-05
 9.701266289E-01, 2.973747905E-05, 1.873431902E-04, 3.194462261E-05
 9.701266289E-01, 3.078714144E-05, 1.779096347E-04, 3.478099097E-05
 9.701266289E-01, 3.186544200E-05, 1.691422513E-04, 3.773868957E-05
 9.701266289E-01, 3.297338844E-05, 1.609731553E-04, 4.080678627E-05
 9.701266289E-01, 3.411201033E-05, 1.533424074E-04, 4.397293378E-05
 9.701266289E-01, 3.528236630E-05, 1.461971697E-04, 4.722367885E-05
 9.701266289E-01, 3.648554775E-05, 1.394909923E-04, 5.054476787E-05
 9.701266289E-01, 3.772267155E-05, 1.331831299E-04, 5.392151797E-05
 9.701266289E-01, 3.899488729E-05, 1.272378286E-04, 5.733912622E-05
 9.701266289E-01, 4.030338459E-05, 1.216237652E-04, 6.078298975E-05
 9.701266289E-01, 4.164937127E-05, 1.163135603E-04, 6.423898594E-05
 9.701266289E-01, 4.303410969E-05, 1.112831669E-04, 6.769369793E-05
 9.701266289E-01, 4.445888044E-05, 1.065115430E-04, 7.113462925E-05
 9.701266289E-01, 4.592501136E-05, 1.019801421E-04, 7.455027662E-05
 9.701266289E-01, 4.743386671E-05, 9.767264419E-05, 7.793030090E-05
 9.701266289E-01, 4.898685074E-05, 9.357457748E-05, 8.126551984E-05
 9.701266289E-01, 5.058540773E-05, 8.967307076E-05, 8.454794443E-05
 9.701266289E-01, 5.223102562E-05, 8.595620602E-05, 8.777111361E-05
 9.701266289E-01, 5.392523599E-05, 8.241044270E-05, 9.093195695E-05
 9.701266289E-01, 5.566961045E-05, 7.902299694E-05, 9.402886644E-05
 9.701266289E-01, 5.746577517E-05, 7.578417717E-05, 9.705740376E-05
 9.701266289E-01, 5.931540363E-05, 7.268559420E-05, 1.000132397E-04
 9.701266289E-01, 6.122021296E-05, 6.971979747E-05, 1.028926272E-04
 9.701266289E-01, 6.318197120E-05, 6.688004942E-05, 1.056925539E-04
 9.701266289E-01, 6.520251191E-05, 6.416026008E-05, 1.084106334E-04
 9.701266289E-01, 6.728371227E-05, 6.155485607E-05, 1.110451412E-04
 9.701266289E-01, 6.942750770E-05, 5.905871512E-05, 1.135949278E-04
 9.701266289E-01, 7.163589180E-05, 5.666712968E-05, 1.160593965E-04
 9.701266289E-01, 7.391091640E-05, 5.437569416E-05, 1.184384673E-04
 9.701266289E-01, 7.625470607E-05, 5.218029764E-05, 1.207324749E-04
 9.701266289E-01, 7.866942906E-05, 5.007707659E-05, 1.229422196E-04
 9.701266289E-01, 8.115734818E-05, 4.806238576E-05, 1.250687928E-04
 9.701266289E-01, 8.372076263E-05, 4.613277270E-05, 1.271136716E-04
 9.701266289E-01, 8.636206621E-05, 4.428494503E-05, 1.290785585E-04
 9.701266289E-01, 8.908371092E-05, 4.251578866E-05, 1.309654617E-04
 9.701266289E-01, 9.188822878E-05, 4.082233136E-05, 1.327765058E-04
 9.701266289E-01, 9.477823914E-05, 3.920174640E-05, 1.345141063E-04
 9.701266289E-01, 9.775641956E-05, 3.765133442E-05, 1.361807663E-04
 9.701266289E-01, 1.008255422E-04, 3.616850154E-05, 1.377792069E-04
 9.701266289E-01, 1.039884592E-04, 3.475073390E-05, 1.393122657E-04
 9.701266289E-01, 1.072481246E-04, 3.339544492E-05, 1.407830568E-04
 9.701266289E-01, 1.106075651E-04, 3.209972783E-05, 1.421949419E-04
 9.701266289E-01, 1.140699023E-04, 3.086002107E-05, 1.435517042E-04
 9.701266289E-01, 1.176383594E-04, 2.967311593E-05, 1.448565017E-04
 9.701266289E-01, 1.213162541E-04, 2.853658407E-05, 1.461111242E-04
 9.701266289E-01, 1.251070062E-04, 2.744810263E-05, 1.473173179E-04
 9.701266289E-01, 1.290141663E-04, 2.640546518E-05, 1.484768291E-04
 9.701266289E-01, 1.330413361E-04, 2.540656897E-05, 1.495913166E-04
 9.701266289E-01, 1.371922699E-04, 2.444941128E-05, 1.506624540E-04
 9.701266289E-01, 1.414708386E-04, 2.353209129E-05, 1.516917982E-04
 9.701266289E-01, 1.458810293E-04, 2.265279181E-05, 1.526809501E-04
 9.701266289E-01, 1.504269312E-04, 2.180979027E-05, 1.536313794E-04
 9.701266289E-01, 1.551127643E-04, 2.100144229E-05, 1.545445266E-04
 9.701266289E-01, 1.599429088E-04, 2.022618719E-05, 1.554218179E-04
 9.701266289E-01, 1.649218466E-04, 1.948253339E-05, 1.562646066E-04
 9.701266289E-01, 1.700542198E-04, 1.876906572E-05, 1.570741588E-04
 9.701266289E-01, 1.753448014E-04, 1.808443449E-05, 1.578517695E-04
 9.701266289E-01, 1.807984954E-04, 1.742735731E-05, 1.585986174E-04
 9.701266289E-01, 1.864203950E-04, 1.679660818E-05, 1.593158377E-04
 9.701266289E-01, 1.922157098E-04, 1.619102659E-05, 1.600045653E-04
 9.701266289E-01, 1.981898677E-04, 1.560950295E-05, 1.606658479E-04
 9.701266289E-01, 2.043483837E-04, 1.505098226E-05, 1.613006898E-04
 9.701266289E-01, 2.106970205E-04, 1.451445951E-05, 1.619100949E-04
 9.701266289E-01, 2.172416571E-04, 1.399897701E-05, 1.624949655E-04
 9.701266289E-01, 2.239884052E-04, 1.350362436E-05, 1.630562183E-04
 9.701266289E-01, 2.309435367E-04, 1.302753117E-05, 1.635946537E-04
 9.701266289E-01, 2.381135128E-04, 1.256986980E-05, 1.641111303E-04
 9.701266289E-01, 2.455050126E-04, 1.212985444E-05, 1.646064047E-04
 9.701266289E-01, 2.531248902E-04, 1.170673113E-05, 1.650811901E-04
 9.701266289E-01, 2.609802759E-04, 1.129978409E-05, 1.655362430E-04
 9.701266289E-01, 2.690784459E-04, 1.090832939E-05, 1.659721893E-04
 9.701266289E-01, 2.774269378E-04, 1.053171673E-05, 1.663896983E-04
 9.701266289E-01, 2.860335226E-04, 1.016932674E-05, 1.667893521E-04
 9.701266289E-01, 2.949062036E-04, 9.820564628E-06, 1.671717328E-04
 9.701266289E-01, 3.040532465E-04, 9.484866496E-06, 1.675374078E-04
 9.701266289E-01, 3.134831495E-04, 9.161693015E-06, 1.678868866E-04
 9.701266289E-01, 3.232046729E-04, 8.850530321E-06, 1.682206639E-04
 9.701266289E-01, 3.332268971E-04, 8.550887287E-06, 1.685392053E-04
 9.701266289E-01, 3.435591352E-04, 8.262292795E-06, 1.688429620E-04
 9.701266289E-01, 3.542109625E-04, 7.984303011E-06, 1.691323559E-04
 9.701266289E-01, 3.651923325E-04, 7.716486834E-06, 1.694077800E-04
 9.701266289E-01, 3.765134607E-04, 7.458438631E-06, 1.696696127E-04
 9.701266289E-01, 3.881848534E-04, 7.209766409E-06, 1.699181885E-04
 9.701266289E-01, 4.002173664E-04, 6.970097729E-06, 1.701538858E-04
 9.701266289E-01, 4.126222047E-04, 6.739076525E-06, 1.703769667E-04
 9.701266289E-01, 4.254109226E-04, 6.516361282E-06, 1.705877658E-04
 9.701266289E-01, 4.385953944E-04, 6.301626399E-06, 1.707865304E-04
 9.701266289E-01, 4.521879018E-04, 6.094561286E-06, 1.709735079E-04
 9.701266289E-01, 4.662010761E-04, 5.894865808E-06, 1.711489749E-04
 9.701266289E-01, 4.806479556E-04, 5.702256203E-06, 1.713131205E-04
 9.701266289E-01, 4.955420154E-04, 5.516459169E-06, 1.714661630E-04
 9.701266289E-01, 5.108970799E-04, 5.337213224E-06, 1.716082770E-04
 9.701266289E-01, 5.267274100E-04, 5.164267805E-06, 1.717396372E-04
 9.701266289E-01, 5.430477904E-04, 4.997383712E-06, 1.718604180E-04
 9.701266289E-01, 5.598733551E-04, 4.836331300E-06, 1.719707361E-04
 9.701266289E-01, 5.772197619E-04, 4.680890925E-06, 1.720707223E-04
 9.701266289E-01, 5.951031926E-04, 4.530852038E-06, 1.721604931E-04
 9.701266289E-01, 6.135402364E-04, 4.386012279E-06, 1.722401357E-04
 9.701266289E-01, 6.325480645E-04, 4.246178378E-06, 1.723097375E-04
 9.701266289E-01, 6.521443138E-04, 4.111164799E-06, 1.723693567E-04
 9.701266289E-01, 6.723473198E-04, 3.980794190E-06, 1.724190661E-04
 9.701266289E-01, 6.931758253E-04, 3.854894658E-06, 1.724588656E-04
 9.701266289E-01, 7.146491553E-04, 3.733303629E-06, 1.724888280E-04
 9.701266289E-01, 7.367873332E-04, 3.615863534E-06, 1.725089387E-04
 9.701266289E-01, 7.596109645E-04, 3.502423624E-06, 1.725191833E-04
 9.701266289E-01, 7.831412950E-04, 3.392839290E-06, 1.725195616E-04
 9.701266289E-01, 8.074001526E-04, 3.286972060E-06, 1.725100446E-04
 9.701266289E-01, 8.324101800E-04, 3.184688012E-06, 1.724905887E-04
 9.701266289E-01, 8.581946022E-04, 3.085859362E-06, 1.724611211E-04
 9.701266289E-01, 8.847774006E-04, 2.990363100E-06, 1.724215836E-04
 9.701266289E-01, 9.121833136E-04, 2.898080993E-06, 1.723718888E-04
 9.701266289E-01, 9.404378361E-04, 2.808899580E-06, 1.723119494E-04
 9.701266289E-01, 9.695672779E-04, 2.722709951E-06, 1.722416346E-04
 9.701266289E-01, 9.995986475E-04, 2.639407285E-06, 1.721608132E-04
 9.701266289E-01, 1.030560001E-03, 2.558890401E-06, 1.720693399E-04
 9.701266289E-01, 1.062480151E-03, 2.481062893E-06, 1.719670981E-04
 9.701266289E-01, 1.095388667E-03, 2.405831310E-06, 1.718538551E-04
 9.701266289E-01, 1.129316282E-03, 2.333106067E-06, 1.717294799E-04
 9.701266289E-01, 1.164294430E-03, 2.262801445E-06, 1.715937105E-04
 9.701266289E-01, 1.200355822E-03, 2.194833996E-06, 1.714463724E-04
 9.701266289E-01, 1.237533870E-03, 2.129124596E-06, 1.712872181E-04
 9.701266289E-01, 1.275863266E-03, 2.065596163E-06, 1.711159712E-04
 9.701266289E-01, 1.315379515E-03, 2.004175030E-06, 1.709323842E-04
 9.701266289E-01, 1.356119523E-03, 1.944790483E-06, 1.707361662E-04
 9.701266289E-01, 1.398121123E-03, 1.887373514E-06, 1.705270115E-04
 9.701266289E-01, 1.441423432E-03, 1.831859095E-06, 1.703045709E-04
 9.701266289E-01, 1.486066729E-03, 1.778183560E-06, 1.700685098E-04
 9.701266289E-01, 1.532092574E-03, 1.726286200E-06, 1.698184642E-04
 9.701266289E-01, 1.579543576E-03, 1.676108127E-06, 1.695540268E-04
 9.701266289E-01, 1.628464204E-03, 1.627593292E-06, 1.692748046E-04
 9.701266289E-01, 1.678899745E-03, 1.580686899E-06, 1.689803612E-04
 9.701266289E-01, 1.730897231E-03, 1.535336878E-06, 1.686702162E-04
 9.701266289E-01, 1.784504857E-03, 1.491492981E-06, 1.683439041E-04
 9.701266289E-01, 1.839772798E-03, 1.449106549E-06, 1.680009154E-04
 9.701266289E-01, 1.896752161E-03, 1.408131084E-06, 1.676406828E-04
 9.701266289E-01, 1.955496147E-03, 1.368521453E-06, 1.672626677E-04
 9.701266289E-01, 2.016059356E-03, 1.330234682E-06, 1.668662590E-04
 9.701266289E-01, 2.078498015E-03, 1.293228934E-06, 1.664508309E-04
 9.701266289E-01, 2.142870566E-03, 1.257464419E-06, 1.660157141E-04
 9.701266289E-01, 2.209236380E-03, 1.222902483E-06, 1.655602100E-04
 9.701266289E-01, 2.277657622E-03, 1.189506179E-06, 1.650835766E-04
 9.701266289E-01, 2.348197857E-03, 1.157239808E-06, 1.645850425E-04
 9.701266289E-01, 2.420922508E-03, 1.126069151E-06, 1.640638075E-04
 9.701266289E-01, 2.495899564E-03, 1.095961466E-06, 1.635189692E-04
 9.701266289E-01, 2.573198406E-03, 1.066884806E-06, 1.629496692E-04
 9.701266289E-01, 2.652890980E-03, 1.038809160E-06, 1.623549324E-04
 9.701266289E-01, 2.735051792E-03, 1.011705308E-06, 1.617337257E-04
 9.701266289E-01, 2.819756977E-03, 9.855452845E-07, 1.610850595E-04
 9.701266289E-01, 2.907085465E-03, 9.603023727E-07, 1.604077406E-04
 9.701266289E-01, 2.997118514E-03, 9.359509363E-07, 1.597006340E-04
 9.701266289E-01, 3.089939710E-03, 9.124665326E-07, 1.589624881E-04
 9.701266289E-01, 3.185635433E-03, 8.898257420E-07, 1.581919933E-04
 9.701266289E-01, 3.284294857E-03, 8.680062820E-07, 1.573877526E-04
 9.701266289E-01, 3.386009717E-03, 8.469869499E-07, 1.565483399E-04
 9.701266289E-01, 3.490874544E-03, 8.267475096E-07, 1.556721691E-04
 9.701266289E-01, 3.598987125E-03, 8.072689184E-07, 1.547576248E-04
 9.701266289E-01, 3.710447578E-03, 7.885332138E-07, 1.538030192E-04
 9.701266289E-01, 3.825360211E-03, 7.705232861E-07, 1.528065332E-04
 9.701266289E-01, 3.943831660E-03, 7.532232758E-07, 1.517662022E-04
 9.701266289E-01, 4.065971822E-03, 7.366184605E-07, 1.506800618E-04
 9.701266289E-01, 4.191894550E-03, 7.206950841E-07, 1.495459437E-04
 9.701266289E-01, 4.321717191E-03, 7.054405842E-07, 1.483616070E-04
 9.701266289E-01, 4.455560353E-03, 6.908436490E-07, 1.471246942E-04
 9.701266289E-01, 4.593548831E-03, 6.768942171E-07, 1.458326733E-04
 9.701266289E-01, 4.735810217E-03, 6.635834779E-07, 1.444829395E-04
 9.701266289E-01, 4.882477690E-03, 6.509026207E-07, 1.430725097E-04
 9.701266289E-01, 5.033687688E-03, 6.388268616E-07, 1.415958104E-04
 9.701266289E-01, 5.189579912E-03, 6.273186841E-07, 1.400452020E-04
 9.701266289E-01, 5.350300577E-03, 6.163444368E-07, 1.384125790E-04
 9.701266289E-01, 5.515998229E-03, 6.058747886E-07, 1.366897486E-04
 9.701266289E-01, 5.686827935E-03, 5.958835914E-07, 1.348684746E-04
 9.701266289E-01, 5.862948019E-03, 5.863468004E-07, 1.329404768E-04
 9.701266289E-01, 6.044522393E-03, 5.772414511E-07, 1.308973879E-04
 9.701266289E-01, 6.231720094E-03, 5.685444648E-07, 1.287304040E-04
 9.701266289E-01, 6.424714811E-03, 5.602315127E-07, 1.264300372E-04
 9.701266289E-01, 6.623687223E-03, 5.522757647E-07, 1.239858102E-04
 9.701266289E-01, 6.828821264E-03, 5.446460705E-07, 1.213857249E-04
 9.701266289E-01, 7.040308323E-03, 5.373052545E-07, 1.186159570E-04
 9.701266289E-01, 7.258344907E-03, 5.302080694E-07, 1.156603757E-04
 9.701266289E-01, 7.483134046E-03, 5.232989793E-07, 1.125002309E-04
 9.701266289E-01, 7.714885287E-03, 5.165092603E-07, 1.091139129E-04
 9.701266289E-01, 7.953813300E-03, 5.097543294E-07, 1.054769891E-04
 9.701266289E-01, 8.200140670E-03, 5.029304475E-07, 1.015624875E-04
 9.701266289E-01, 8.454097435E-03, 4.959120474E-07, 9.734185005E-05
 9.701266289E-01, 8.715918288E-03, 4.885503699E-07, 9.278694779E-05
 9.701266289E-01, 8.985848166E-03, 4.806755101E-07, 8.787415572E-05
 9.701266289E-01, 9.264137596E-03, 4.721084963E-07, 8.259176684E-05
 9.701266289E-01, 9.551045485E-03, 4.626901386E-07, 7.695172826E-05
 9.701266289E-01, 9.846839122E-03, 4.523395774E-07, 7.100509538E-05
 9.701266289E-01, 1.015179232E-02, 4.412640351E-07, 6.487436622E-05
 9.701266289E-01, 1.046619099E-02, 4.299603518E-07, 5.873075497E-05
 9.701266289E-01, 1.079032570E-02, 4.188247260E-07, 5.268231325E-05
 9.701266289E-01, 1.112449914E-02, 4.079712710E-07, 4.668296242E-05
 9.701266289E-01, 1.146902237E-02, 3.971696003E-07, 4.059437924E-05
 9.701266289E-01, 1.182421483E-02, 3.859455546E-07, 3.434058453E-05
 9.701266289E-01, 1.219040714E-02, 3.736128065E-07, 2.792850137E-05
 9.701266289E-01, 1.256794017E-02, 3.589304356E-07, 2.140781726E-05
 9.701266289E-01, 1.295716595E-02, 3.392266024E-07, 1.491453168E-05
 9.701266289E-01, 1.335844584E-02, 3.077072961E-07, 8.787490515E-06
 9.701266289E-01, 1.377215330E-02, 2.484572690E-07, 3.830352853E-06
 9.701266289E-01, 1.419867296E-02, 1.580706623E-07, 1.037779384E-06
 9.701266289E-01, 1.463840157E-02, 9.017339409E-08, 1.573122290E-07
 9.701266289E-01, 1.509174798E-02, 7.150509163E-08, 1.525270044E-08
 9.701266289E-01, 1.555913500E-02, 6.942237718E-08, 1.629578472E-09
 9.701266289E-01, 1.604099758E-02, 6.925920815E-08, 5.772810008E-10
 9.701266289E-01, 1.653778180E-02, 6.924746287E-08, 5.011740467E-10
 9.701266289E-01, 1.704995334E-02, 6.924669549E-08, 4.959082589E-10
 9.701266289E-01, 1.757798530E-02, 6.924668838E-08, 4.955593713E-10
 9.701266289E-01, 1.812236942E-02, 6.924673812E-08, 4.955375554E-10
 9.701266289E-01, 1.868361421E-02, 6.924678075E-08, 4.955366117E-10
 9.701266289E-01, 1.926223934E-02, 6.924683760E-08, 4.955368893E-10
 9.701266289E-01, 1.985878497E-02, 6.924688734E-08, 4.955373334E-10
 9.701266289E-01, 2.047380619E-02, 6.924693707E-08, 4.955377220E-10
 9.701266289E-01, 2.110787295E-02, 6.924699392E-08, 4.955381105E-10
 9.701266289E-01, 2.176157758E-02, 6.924704365E-08, 4.955385546E-10
 9.701266289E-01, 2.243552729E-02, 6.924710760E-08, 4.955390542E-10
 9.701266289E-01, 2.313034981E-02, 6.924717155E-08, 4.955394983E-10
 9.701266289E-01, 2.384668961E-02, 6.924722840E-08, 4.955399979E-10
 9.701266289E-01, 2.458521351E-02, 6.924729234E-08, 4.955404975E-10
 9.701266289E-01, 2.534661070E-02, 6.924736340E-08, 4.955409971E-10
 9.701266289E-01, 2.613158710E-02, 6.924742735E-08, 4.955414967E-10
 9.701266289E-01, 2.694087476E-02, 6.924749840E-08, 4.955421073E-10
 9.701266289E-01, 2.777522430E-02, 6.924756946E-08, 4.955426069E-10
 9.701266289E-01, 2.863541432E-02, 6.924764051E-08, 4.955432176E-10
 9.701266289E-01, 2.952224575E-02, 6.924771867E-08, 4.955438282E-10
 9.701266289E-01, 3.043654002E-02, 6.924779683E-08, 4.955443833E-10
 9.701266289E-01, 3.137915209E-02, 6.924787499E-08, 4.955450494E-10
 9.701266289E-01, 3.235095367E-02, 6.924796736E-08, 4.955457156E-10
 9.701266289E-01, 3.335285187E-02, 6.924804552E-08, 4.955463817E-10
 9.701266289E-01, 3.438577801E-02, 6.924813789E-08, 4.955470478E-10
 9.701266289E-01, 3.545069695E-02, 6.924823026E-08, 4.955477695E-10
 9.701266289E-01, 3.654859215E-02, 6.924832263E-08, 4.955484911E-10
 9.701266289E-01, 3.768049181E-02, 6.924842211E-08, 4.955492683E-10
 9.701266289E-01, 3.884744644E-02, 6.924852158E-08, 4.955500454E-10
 9.701266289E-01, 4.005054012E-02, 6.924861395E-08, 4.955508226E-10
 9.701266289E-01, 4.129089043E-02, 6.924872054E-08, 4.955515998E-10
 9.701266289E-01, 4.256965965E-02, 6.924883422E-08, 4.955524324E-10
 9.701266289E-01, 4.388802871E-02, 6.924894080E-08, 4.955533206E-10
 9.701266289E-01, 4.524722695E-02, 6.924906160E-08, 4.955542088E-10
 9.701266289E-01, 4.664851725E-02, 6.924917528E-08, 4.955550970E-10
 9.701266289E-01, 4.809320718E-02, 6.924930318E-08, 4.955560406E-10
 9.701266289E-01, 4.958264157E-02, 6.924942397E-08, 4.955570398E-10
 9.701266289E-01, 5.111819878E-02, 6.924955187E-08, 4.955580390E-10
 9.701266289E-01, 5.270131305E-02, 6.924968687E-08, 4.955590382E-10
 9.701266289E-01, 5.433345586E-02, 6.924982188E-08, 4.955600930E-10
 9.701266289E-01, 5.601614714E-02, 6.924996399E-08, 4.955612032E-10
 9.701266289E-01, 5.775095150E-02, 6.925010609E-08, 4.955623689E-10
 9.701266289E-01, 5.953947827E-02, 6.925025531E-08, 4.955634791E-10
 9.701266289E-01, 6.138340011E-02, 6.925041163E-08, 4.955646449E-10
 9.701266289E-01, 6.328442693E-02, 6.925056795E-08, 4.955658661E-10
 9.701266289E-01, 6.524432451E-02, 6.925072427E-08, 4.955671429E-10
 9.701266289E-01, 6.726492196E-02, 6.925089480E-08, 4.955684196E-10
 9.701266289E-01, 6.934808940E-02, 6.925106533E-08, 4.955698074E-10
 9.701266289E-01, 7.149577886E-02, 6.925124296E-08, 4.955710842E-10
 9.701266289E-01, 7.370998710E-02, 6.925142060E-08, 4.955725275E-10
 9.701266289E-01, 7.599275559E-02, 6.925160534E-08, 4.955739707E-10
 9.701266289E-01, 7.834623009E-02, 6.925179719E-08, 4.955754696E-10
 9.701266289E-01, 8.077258617E-02, 6.925199614E-08, 4.955769684E-10
 9.701266289E-01, 8.327408880E-02, 6.925220220E-08, 4.955785227E-10
 9.701266289E-01, 8.585306257E-02, 6.925240825E-08, 4.955801880E-10
 9.701266289E-01, 8.851190656E-02, 6.925262142E-08, 4.955818533E-10
 9.701266289E-01, 9.125309438E-02, 6.925284168E-08, 4.955835187E-10
 9.701266289E-01, 9.407917410E-02, 6.925307616E-08, 4.955852950E-10
 9.701266289E-01, 9.699277580E-02, 6.925330354E-08, 4.955870714E-10
 9.701266289E-01, 9.999661148E-02, 6.925353802E-08, 4.955889032E-10
 9.701266289E-01, 1.030934751E-01, 6.925378671E-08, 4.955907906E-10
 9.701266289E-01, 1.062862501E-01, 6.925403540E-08, 4.955927890E-10
 9.701266289E-01, 1.095779017E-01, 6.925429830E-08, 4.955947874E-10
 9.701266289E-01, 1.129714921E-01, 6.925456830E-08, 4.955968969E-10
 9.701266289E-01, 1.164701879E-01, 6.925483831E-08, 4.955989508E-10
 9.701266289E-01, 1.200772300E-01, 6.925512253E-08, 4.956011157E-10
 9.701266289E-01, 1.237959862E-01, 6.925540674E-08, 4.956033361E-10
 9.701266289E-01, 1.276299059E-01, 6.925571228E-08, 4.956056676E-10
 9.701266289E-01, 1.315825731E-01, 6.925601070E-08, 4.956080546E-10
 9.701266289E-01, 1.356576383E-01, 6.925632334E-08, 4.956104416E-10
 9.701266289E-01, 1.398589164E-01, 6.925664309E-08, 4.956129396E-10
 9.701266289E-01, 1.441902965E-01, 6.925696994E-08, 4.956154931E-10
 9.701266289E-01, 1.486558318E-01, 6.925731100E-08, 4.956181021E-10
 9.701266289E-01, 1.532596499E-01, 6.925765206E-08, 4.956207666E-10
 9.701266289E-01, 1.580060571E-01, 6.925801443E-08, 4.956234867E-10
 9.701266289E-01, 1.628994495E-01, 6.925838392E-08, 4.956263178E-10
 9.701266289E-01, 1.679444015E-01, 6.925875340E-08, 4.956292043E-10
 9.701266289E-01, 1.731455922E-01, 6.925913709E-08, 4.956322019E-10
 9.701266289E-01, 1.785078496E-01, 6.925952789E-08, 4.956351995E-10
 9.701266289E-01, 1.840361804E-01, 6.925993290E-08, 4.956383637E-10
 9.701266289E-01, 1.897357255E-01, 6.926034501E-08, 4.956415278E-10
 9.701266289E-01, 1.956117898E-01, 6.926077134E-08, 4.956448030E-10
 9.701266289E-01, 2.016698271E-01, 6.926120477E-08, 4.956481336E-10
 9.701266289E-01, 2.079154700E-01, 6.926164531E-08, 4.956515753E-10
 9.701266289E-01, 2.143545449E-01, 6.926210006E-08, 4.956550725E-10
 9.701266289E-01, 2.209930420E-01, 6.926256191E-08, 4.956586808E-10
 9.701266289E-01, 2.278371304E-01, 6.926304508E-08, 4.956623445E-10
 9.701266289E-01, 2.348931730E-01, 6.926353535E-08, 4.956661193E-10
 9.701266289E-01, 2.421677411E-01, 6.926403273E-08, 4.956700050E-10
 9.701266289E-01, 2.496675998E-01, 6.926454432E-08, 4.956739463E-10
 9.701266289E-01, 2.573997378E-01, 6.926506302E-08, 4.956779431E-10
 9.701266289E-01, 2.653713226E-01, 6.926559593E-08, 4.956820510E-10
 9.701266289E-01, 2.735897899E-01, 6.926613594E-08, 4.956862698E-10
 9.701266289E-01, 2.820627689E-01, 6.926669727E-08, 4.956905442E-10
 9.701266289E-01, 2.907981873E-01, 6.926726570E-08, 4.956949295E-10
 9.701266289E-01, 2.998040915E-01, 6.926784835E-08, 4.956994260E-10
 9.701266289E-01, 3.090889454E-01, 6.926843810E-08, 4.957039779E-10
 9.701266289E-01, 3.186613321E-01, 6.926903495E-08, 4.957086408E-10
 9.701266289E-01, 3.285301626E-01, 6.926965312E-08, 4.957134148E-10
 9.701266289E-01, 3.387046456E-01, 6.927027840E-08, 4.957181887E-10
 9.701266289E-01, 3.491942286E-01, 6.927091789E-08, 4.957231292E-10
 9.701266289E-01, 3.600086570E-01, 6.927156448E-08, 4.957281252E-10
 9.701266289E-01, 3.711580336E-01, 6.927222529E-08, 4.957332322E-10
 9.701266289E-01, 3.826526701E-01, 6.927290030E-08, 4.957383948E-10
 9.701266289E-01, 3.945032954E-01, 6.927358243E-08, 4.957436683E-10
 9.701266289E-01, 4.067209363E-01, 6.927427165E-08, 4.957490529E-10
 9.701266289E-01, 4.193169773E-01, 6.927498220E-08, 4.957544375E-10
 9.701266289E-01, 4.323030710E-01, 6.927569274E-08, 4.957599331E-10
 9.701266289E-01, 4.456913769E-01, 6.927641749E-08, 4.957655397E-10
 9.701266289E-01, 4.594942927E-01, 6.927714935E-08, 4.957712019E-10
 9.701266289E-01, 4.737246931E-01, 6.927788831E-08, 4.957769195E-10
 9.701266289E-01, 4.883958101E-01, 6.927864149E-08, 4.957826927E-10
 9.701266289E-01, 5.035212636E-01, 6.927939467E-08, 4.957885213E-10
 9.701266289E-01, 5.191151500E-01, 6.928016205E-08, 4.957944610E-10
 9.701266289E-01, 5.351920128E-01, 6.928092944E-08, 4.958003452E-10
 9.701266289E-01, 5.517667532E-01, 6.928170393E-08, 4.958063404E-10
 9.701266289E-01, 5.688547492E-01, 6.928248553E-08, 4.958123356E-10
 9.701266289E-01, 5.864720345E-01, 6.928326002E-08, 4.958183863E-10
 9.701266289E-01, 6.046348810E-01, 6.928404872E-08, 4.958243816E-10
 9.701266289E-01, 6.233602166E-01, 6.928483032E-08, 4.958304323E-10
 9.701266289E-01, 6.426655054E-01, 6.928561191E-08, 4.958364830E-10
 9.701266289E-01, 6.625686884E-01, 6.928639351E-08, 4.958424782E-10
 9.701266289E-01, 6.830881834E-01, 6.928716800E-08, 4.958484734E-10
 9.701266289E-01, 7.042432427E-01, 6.928793539E-08, 4.958543576E-10
 9.701266289E-01, 7.260534167E-01, 6.928870278E-08, 4.958602418E-10
 9.701266289E-01, 7.485390902E-01, 6.928944174E-08, 4.958660149E-10
 9.701266289E-01, 7.717211246E-01, 6.929018070E-08, 4.958716771E-10
 9.701266289E-01, 7.956210375E-01, 6.929089835E-08, 4.958771727E-10
 9.701266289E-01, 8.202611804E-01, 6.929160890E-08, 4.958825572E-10
 9.701266289E-01, 8.456644416E-01, 6.929226970E-08, 4.958876643E-10
 9.701266289E-01, 8.718544245E-01, 6.929294472E-08, 4.958928268E-10
 9.701266289E-01, 8.988554478E-01, 6.929349183E-08, 4.958969901E-10
 9.701266289E-01, 9.266927242E-01, 6.929421659E-08, 4.959024857E-10
 9.701266289E-01, 9.553921223E-01, 6.929406027E-08, 4.959010980E-10
 9.701266289E-01, 9.849802852E-01, 6.929476370E-08, 4.959066491E-10