u,y
   0.000000E+00,   0.000000E+00
   0.334565E-02,   0.500000E-06
   0.669441E-02,   0.100047E-05
   0.100494E-01,   0.150186E-05
   0.134137E-01,   0.200465E-05
   0.167905E-01,   0.250931E-05
   0.201830E-01,   0.301630E-05
   0.235942E-01,   0.352610E-05
   0.270273E-01,   0.403918E-05
   0.304856E-01,   0.455602E-05
   0.339722E-01,   0.507709E-05
   0.374904E-01,   0.560289E-05
   0.410434E-01,   0.613390E-05
   0.446345E-01,   0.667062E-05
   0.482669E-01,   0.721354E-05
   0.519441E-01,   0.776318E-05
   0.556692E-01,   0.832003E-05
   0.594458E-01,   0.888463E-05
   0.632771E-01,   0.945749E-05
   0.671665E-01,   0.100392E-04
   0.711173E-01,   0.106302E-04
   0.751330E-01,   0.112310E-04
   0.792167E-01,   0.118424E-04
   0.833718E-01,   0.124647E-04
   0.876015E-01,   0.130987E-04
   0.919088E-01,   0.137448E-04
   0.962968E-01,   0.144037E-04
   0.100768E+00,   0.150761E-04
   0.105326E+00,   0.157624E-04
   0.109971E+00,   0.164634E-04
   0.114707E+00,   0.171798E-04
   0.119535E+00,   0.179121E-04
   0.124457E+00,   0.186610E-04
   0.129472E+00,   0.194274E-04
   0.134581E+00,   0.202118E-04
   0.139783E+00,   0.210150E-04
   0.145078E+00,   0.218378E-04
   0.150462E+00,   0.226808E-04
   0.155933E+00,   0.235450E-04
   0.161488E+00,   0.244311E-04
   0.167121E+00,   0.253399E-04
   0.172827E+00,   0.262723E-04
   0.178600E+00,   0.272291E-04
   0.184432E+00,   0.282113E-04
   0.190316E+00,   0.292197E-04
   0.196244E+00,   0.302553E-04
   0.202207E+00,   0.313190E-04
   0.208197E+00,   0.324119E-04
   0.214204E+00,   0.335349E-04
   0.220220E+00,   0.346891E-04
   0.226236E+00,   0.358756E-04
   0.232244E+00,   0.370955E-04
   0.238237E+00,   0.383499E-04
   0.244208E+00,   0.396399E-04
   0.250150E+00,   0.409669E-04
   0.256058E+00,   0.423319E-04
   0.261926E+00,   0.437363E-04
   0.267750E+00,   0.451814E-04
   0.273526E+00,   0.466686E-04
   0.279252E+00,   0.481991E-04
   0.284924E+00,   0.497746E-04
   0.290540E+00,   0.513963E-04
   0.296104E+00,   0.530658E-04
   0.301619E+00,   0.547847E-04
   0.307087E+00,   0.565545E-04
   0.312506E+00,   0.583770E-04
   0.317874E+00,   0.602538E-04
   0.323188E+00,   0.621866E-04
   0.328449E+00,   0.641773E-04
   0.333653E+00,   0.662277E-04
   0.338800E+00,   0.683397E-04
   0.343890E+00,   0.705153E-04
   0.348921E+00,   0.727565E-04
   0.353894E+00,   0.750654E-04
   0.358807E+00,   0.774441E-04
   0.363662E+00,   0.798948E-04
   0.368457E+00,   0.824199E-04
   0.373194E+00,   0.850216E-04
   0.377872E+00,   0.877025E-04
   0.382493E+00,   0.904649E-04
   0.387056E+00,   0.933115E-04
   0.391562E+00,   0.962449E-04
   0.396012E+00,   0.992679E-04
   0.400407E+00,   0.102383E-03
   0.404747E+00,   0.105594E-03
   0.409036E+00,   0.108903E-03
   0.413277E+00,   0.112313E-03
   0.417475E+00,   0.115827E-03
   0.421632E+00,   0.119450E-03
   0.425750E+00,   0.123183E-03
   0.429830E+00,   0.127031E-03
   0.433873E+00,   0.130997E-03
   0.437880E+00,   0.135085E-03
   0.441851E+00,   0.139299E-03
   0.445789E+00,   0.143643E-03
   0.449694E+00,   0.148120E-03
   0.453566E+00,   0.152734E-03
   0.457408E+00,   0.157491E-03
   0.461219E+00,   0.162395E-03
   0.465001E+00,   0.167449E-03
   0.468755E+00,   0.172659E-03
   0.472481E+00,   0.178030E-03
   0.476180E+00,   0.183567E-03
   0.479853E+00,   0.189274E-03
   0.483502E+00,   0.195157E-03
   0.487125E+00,   0.201222E-03
   0.490725E+00,   0.207474E-03
   0.494303E+00,   0.213920E-03
   0.497858E+00,   0.220564E-03
   0.501391E+00,   0.227413E-03
   0.504904E+00,   0.234474E-03
   0.508396E+00,   0.241753E-03
   0.511869E+00,   0.249257E-03
   0.515323E+00,   0.256993E-03
   0.518758E+00,   0.264968E-03
   0.522176E+00,   0.273189E-03
   0.525576E+00,   0.281665E-03
   0.528960E+00,   0.290402E-03
   0.532328E+00,   0.299410E-03
   0.535680E+00,   0.308696E-03
   0.539016E+00,   0.318270E-03
   0.542338E+00,   0.328139E-03
   0.545646E+00,   0.338314E-03
   0.548941E+00,   0.348804E-03
   0.552222E+00,   0.359618E-03
   0.555490E+00,   0.370767E-03
   0.558746E+00,   0.382260E-03
   0.561990E+00,   0.394109E-03
   0.565223E+00,   0.406325E-03
   0.568444E+00,   0.418919E-03
   0.571655E+00,   0.431903E-03
   0.574855E+00,   0.445288E-03
   0.578046E+00,   0.459088E-03
   0.581227E+00,   0.473314E-03
   0.584399E+00,   0.487981E-03
   0.587562E+00,   0.503102E-03
   0.590717E+00,   0.518692E-03
   0.593863E+00,   0.534763E-03
   0.597002E+00,   0.551332E-03
   0.600134E+00,   0.568414E-03
   0.603258E+00,   0.586025E-03
   0.606376E+00,   0.604181E-03
   0.609487E+00,   0.622899E-03
   0.612592E+00,   0.642197E-03
   0.615692E+00,   0.662092E-03
   0.618786E+00,   0.682603E-03
   0.621875E+00,   0.703749E-03
   0.624959E+00,   0.725550E-03
   0.628038E+00,   0.748025E-03
   0.631113E+00,   0.771197E-03
   0.634185E+00,   0.795086E-03
   0.637253E+00,   0.819715E-03
   0.640317E+00,   0.845106E-03
   0.643379E+00,   0.871283E-03
   0.646438E+00,   0.898271E-03
   0.649495E+00,   0.926095E-03
   0.652550E+00,   0.954780E-03
   0.655603E+00,   0.984354E-03
   0.658654E+00,   0.101484E-02
   0.661705E+00,   0.104628E-02
   0.664754E+00,   0.107868E-02
   0.667804E+00,   0.111209E-02
   0.670853E+00,   0.114654E-02
   0.673902E+00,   0.118205E-02
   0.676952E+00,   0.121866E-02
   0.680003E+00,   0.125641E-02
   0.683056E+00,   0.129532E-02
   0.686110E+00,   0.133544E-02
   0.689166E+00,   0.137680E-02
   0.692224E+00,   0.141944E-02
   0.695285E+00,   0.146340E-02
   0.698349E+00,   0.150873E-02
   0.701417E+00,   0.155546E-02
   0.704489E+00,   0.160363E-02
   0.707565E+00,   0.165330E-02
   0.710647E+00,   0.170450E-02
   0.713733E+00,   0.175729E-02
   0.716826E+00,   0.181172E-02
   0.719924E+00,   0.186783E-02
   0.723030E+00,   0.192568E-02
   0.726143E+00,   0.198532E-02
   0.729263E+00,   0.204680E-02
   0.732392E+00,   0.211019E-02
   0.735531E+00,   0.217555E-02
   0.738679E+00,   0.224293E-02
   0.741837E+00,   0.231239E-02
   0.745006E+00,   0.238401E-02
   0.748187E+00,   0.245784E-02
   0.751380E+00,   0.253396E-02
   0.754587E+00,   0.261244E-02
   0.757807E+00,   0.269335E-02
   0.761042E+00,   0.277676E-02
   0.764293E+00,   0.286276E-02
   0.767561E+00,   0.295142E-02
   0.770846E+00,   0.304282E-02
   0.774149E+00,   0.313706E-02
   0.777473E+00,   0.323421E-02
   0.780817E+00,   0.333438E-02
   0.784183E+00,   0.343764E-02
   0.787573E+00,   0.354411E-02
   0.790987E+00,   0.365387E-02
   0.794428E+00,   0.376703E-02
   0.797895E+00,   0.388369E-02
   0.801392E+00,   0.400397E-02
   0.804920E+00,   0.412797E-02
   0.808480E+00,   0.425582E-02
   0.812075E+00,   0.438762E-02
   0.815706E+00,   0.452350E-02
   0.819375E+00,   0.466359E-02
   0.823086E+00,   0.480803E-02
   0.826842E+00,   0.495693E-02
   0.830653E+00,   0.511044E-02
   0.834527E+00,   0.526871E-02
   0.838471E+00,   0.543189E-02
   0.842489E+00,   0.560011E-02
   0.846584E+00,   0.577355E-02
   0.850758E+00,   0.595235E-02
   0.855014E+00,   0.613669E-02
   0.859355E+00,   0.632675E-02
   0.863784E+00,   0.652268E-02
   0.868307E+00,   0.672469E-02
   0.872929E+00,   0.693295E-02
   0.877660E+00,   0.714766E-02
   0.882509E+00,   0.736903E-02
   0.887487E+00,   0.759724E-02
   0.892606E+00,   0.783253E-02
   0.897881E+00,   0.807510E-02
   0.903323E+00,   0.832518E-02
   0.908941E+00,   0.858301E-02
   0.914737E+00,   0.884883E-02
   0.920703E+00,   0.912287E-02
   0.926810E+00,   0.940540E-02
   0.933004E+00,   0.969669E-02
   0.939203E+00,   0.999699E-02
   0.945297E+00,   0.103066E-01
   0.951190E+00,   0.106258E-01
   0.956874E+00,   0.109549E-01
   0.962450E+00,   0.112941E-01
   0.968026E+00,   0.116439E-01
   0.973619E+00,   0.120045E-01
   0.979192E+00,   0.123763E-01
   0.984666E+00,   0.127596E-01
   0.989862E+00,   0.131547E-01
   0.994315E+00,   0.135621E-01
   0.997235E+00,   0.139822E-01
   0.998381E+00,   0.144152E-01
   0.998559E+00,   0.148616E-01
   0.998553E+00,   0.153219E-01
   0.998551E+00,   0.157964E-01
   0.998551E+00,   0.162856E-01
   0.998551E+00,   0.167900E-01
   0.998550E+00,   0.173099E-01
   0.998550E+00,   0.178460E-01
   0.998550E+00,   0.183987E-01
   0.998550E+00,   0.189685E-01
   0.998550E+00,   0.195560E-01
   0.998550E+00,   0.201616E-01
   0.998550E+00,   0.207860E-01
   0.998549E+00,   0.214297E-01
   0.998549E+00,   0.220934E-01
   0.998549E+00,   0.227776E-01
   0.998549E+00,   0.234831E-01
   0.998549E+00,   0.242103E-01
   0.998548E+00,   0.249601E-01
   0.998548E+00,   0.257331E-01
   0.998548E+00,   0.265301E-01
   0.998548E+00,   0.273517E-01
   0.998547E+00,   0.281988E-01
   0.998547E+00,   0.290721E-01
   0.998547E+00,   0.299724E-01
   0.998547E+00,   0.309007E-01
   0.998546E+00,   0.318576E-01
   0.998546E+00,   0.328443E-01
   0.998546E+00,   0.338614E-01
   0.998545E+00,   0.349101E-01
   0.998545E+00,   0.359913E-01
   0.998545E+00,   0.371059E-01
   0.998545E+00,   0.382551E-01
   0.998544E+00,   0.394398E-01
   0.998544E+00,   0.406613E-01
   0.998543E+00,   0.419205E-01
   0.998543E+00,   0.432188E-01
   0.998543E+00,   0.445573E-01
   0.998542E+00,   0.459372E-01
   0.998542E+00,   0.473599E-01
   0.998541E+00,   0.488266E-01
   0.998541E+00,   0.503387E-01
   0.998541E+00,   0.518977E-01
   0.998540E+00,   0.535049E-01
   0.998540E+00,   0.551620E-01
   0.998539E+00,   0.568703E-01
   0.998539E+00,   0.586316E-01
   0.998538E+00,   0.604474E-01
   0.998538E+00,   0.623194E-01
   0.998537E+00,   0.642494E-01
   0.998536E+00,   0.662392E-01
   0.998536E+00,   0.682906E-01
   0.998535E+00,   0.704056E-01
   0.998535E+00,   0.725860E-01
   0.998534E+00,   0.748340E-01
   0.998533E+00,   0.771516E-01
   0.998533E+00,   0.795409E-01
   0.998532E+00,   0.820043E-01
   0.998531E+00,   0.845439E-01
   0.998530E+00,   0.871622E-01
   0.998530E+00,   0.898616E-01
   0.998529E+00,   0.926446E-01
   0.998528E+00,   0.955138E-01
   0.998527E+00,   0.984718E-01
   0.998527E+00,   0.101521E+00
   0.998526E+00,   0.104666E+00
   0.998525E+00,   0.107907E+00
   0.998524E+00,   0.111249E+00
   0.998523E+00,   0.114694E+00
   0.998522E+00,   0.118246E+00
   0.998521E+00,   0.121908E+00
   0.998520E+00,   0.125684E+00
   0.998519E+00,   0.129576E+00
   0.998518E+00,   0.133589E+00
   0.998516E+00,   0.137726E+00
   0.998515E+00,   0.141992E+00
   0.998514E+00,   0.146389E+00
   0.998513E+00,   0.150923E+00
   0.998512E+00,   0.155597E+00
   0.998511E+00,   0.160415E+00
   0.998509E+00,   0.165383E+00
   0.998508E+00,   0.170505E+00
   0.998507E+00,   0.175786E+00
   0.998505E+00,   0.181230E+00
   0.998504E+00,   0.186843E+00
   0.998502E+00,   0.192629E+00
   0.998501E+00,   0.198595E+00
   0.998499E+00,   0.204745E+00
   0.998498E+00,   0.211086E+00
   0.998496E+00,   0.217623E+00
   0.998494E+00,   0.224363E+00
   0.998493E+00,   0.231311E+00
   0.998491E+00,   0.238475E+00
   0.998489E+00,   0.245860E+00
   0.998487E+00,   0.253475E+00
   0.998486E+00,   0.261325E+00
   0.998484E+00,   0.269418E+00
   0.998482E+00,   0.277762E+00
   0.998480E+00,   0.286364E+00
   0.998478E+00,   0.295232E+00
   0.998476E+00,   0.304376E+00
   0.998474E+00,   0.313802E+00
   0.998471E+00,   0.323521E+00
   0.998469E+00,   0.333540E+00
   0.998467E+00,   0.343869E+00
   0.998465E+00,   0.354519E+00
   0.998463E+00,   0.365498E+00
   0.998460E+00,   0.376818E+00
   0.998458E+00,   0.388488E+00
   0.998455E+00,   0.400519E+00
   0.998453E+00,   0.412923E+00
   0.998450E+00,   0.425711E+00
   0.998448E+00,   0.438895E+00
   0.998445E+00,   0.452488E+00
   0.998442E+00,   0.466501E+00
   0.998439E+00,   0.480948E+00
   0.998436E+00,   0.495843E+00
   0.998434E+00,   0.511199E+00
   0.998430E+00,   0.527031E+00
   0.998427E+00,   0.543353E+00
   0.998424E+00,   0.560180E+00
   0.998421E+00,   0.577529E+00
   0.998418E+00,   0.595415E+00
   0.998414E+00,   0.613855E+00
   0.998410E+00,   0.632866E+00
   0.998406E+00,   0.652465E+00
   0.998403E+00,   0.672672E+00
   0.998398E+00,   0.693504E+00
   0.998394E+00,   0.714982E+00
   0.998390E+00,   0.737125E+00
   0.998385E+00,   0.759953E+00
   0.998380E+00,   0.783489E+00
   0.998375E+00,   0.807753E+00
   0.998369E+00,   0.832769E+00
   0.998363E+00,   0.858560E+00
   0.998356E+00,   0.885149E+00
   0.998351E+00,   0.912562E+00
   0.998337E+00,   0.940824E+00
   0.998337E+00,   0.969961E+00
   0.998349E+00,   0.100000E+01